image: cafe_eai002_20190919_1.pgm
resolution: 0.050000
origin: [-18.600000, -13.800000, 0.000000]
negate: 0
occupied_thresh: 0.65
free_thresh: 0.196
angle_init: 0.000000

